TOPIC_1	0.000000e+00	1.667496e-01	4.108562e-01	2.993546e-01	4.820828e-01	2.284067e-01	3.382946e-01	1.486091e-01	3.131082e-01	1.968820e-01	1.723198e-01	2.748290e-01	1.992272e-01	3.295984e-01	2.488715e-01	1.756666e-01	5.156560e-01	2.447028e-01	1.280961e-01	3.208889e-01	4.720418e-01	1.874393e-01	1.570668e-01	1.452583e-01	3.093115e-01	3.684017e-01	2.889977e-01	4.565275e-01	1.711367e-01	3.438004e-01	3.213104e-01	3.863353e-01	3.244741e-01	4.020881e-01	4.186203e-01	1.802233e-01	5.345891e-01	2.053342e-01	2.899007e-01	2.602339e-01	4.333552e-01	3.277150e-01	3.731275e-01	2.728126e-01	9.278424e-01	2.660290e-01	3.383588e-01	5.515035e-01	2.533692e-01	2.445285e-01	3.935188e-01	3.116627e-01	1.883633e-01	2.746567e-01	2.704947e-01	2.610755e-01	2.441223e-01	1.789351e-01	3.800016e-01	2.544354e-01	2.067080e-01	3.715293e-01	1.567713e-01	1.522616e-01	1.860301e-01	2.528493e-01	2.351211e-01	2.268613e-01	1.621454e-01	2.283623e-01	2.851655e-01	1.736690e-01	3.221942e-01	2.808201e-01	3.178465e-01	8.045189e-01	1.471977e-01	4.765535e-01	1.918232e-01	4.471736e-01	3.745891e-01	1.555434e-01	1.629160e-01	1.077779e-01	3.745214e-01	5.240738e-01	1.654575e-01	2.525643e-01	2.864384e-01	1.807363e-01	3.646976e-01	2.550592e-01	2.424258e-01	3.537949e-01	2.986468e-01	2.115617e-01	7.768329e-01	2.603481e-01	1.827111e-01	2.547370e-01
TOPIC_2	1.667496e-01	0.000000e+00	1.107269e-01	1.181938e-01	1.319274e-01	6.979047e-02	8.910980e-02	7.548988e-02	8.556814e-02	6.155475e-02	1.507325e-01	9.479437e-02	7.641950e-02	3.429081e-01	1.346234e-01	1.919343e-01	6.908716e-02	4.580728e-02	7.736547e-02	1.084910e-01	1.971521e-01	5.726215e-02	5.433149e-02	7.414002e-02	1.222299e-01	1.403656e-01	1.073453e-01	1.217833e-01	7.089890e-02	1.948632e-01	1.167173e-01	9.419426e-02	1.136776e-01	1.579882e-01	1.099272e-01	9.345546e-02	1.157630e-01	6.273679e-02	8.687607e-02	1.407000e-01	1.049713e-01	6.337521e-02	1.782757e-01	6.810681e-02	1.345578e-01	1.509524e-01	1.157935e-01	1.468193e-01	1.918318e-01	1.236625e-01	1.715541e-01	1.557239e-01	8.060187e-02	8.310327e-02	1.103280e-01	8.825802e-02	6.863511e-02	5.892458e-02	1.085473e-01	2.363394e-01	1.093736e-01	6.021509e-02	6.355545e-02	8.403620e-02	1.355669e-01	1.103875e-01	2.731994e-01	1.025292e-01	4.875917e-02	5.655047e-02	1.252312e-01	7.496490e-02	1.902285e-01	1.327765e-01	1.727181e-01	3.128067e-01	8.772167e-02	8.271820e-02	8.346036e-02	1.350260e-01	1.300668e-01	7.562866e-02	6.466728e-02	5.738047e-02	3.452523e-01	1.015663e-01	4.967351e-02	5.439493e-02	1.978969e-01	1.482661e-01	1.094497e-01	1.264804e-01	8.616639e-02	1.011544e-01	1.308425e-01	1.642339e-01	2.128989e-01	6.893329e-02	7.921536e-02	1.205770e-01
TOPIC_3	4.108562e-01	1.107269e-01	0.000000e+00	1.207529e-01	2.334309e-01	1.121875e-01	2.132808e-01	2.696209e-01	1.403800e-01	1.088387e-01	9.687529e-02	1.352986e-01	1.309392e-01	1.979341e-01	1.441417e-01	9.295555e-02	1.783525e-01	1.034168e-01	1.159372e-01	1.312959e-01	1.731479e-01	2.805041e-01	7.145182e-02	8.809297e-02	1.466590e-01	2.267380e-01	1.097414e-01	2.085085e-01	8.889634e-02	1.668140e-01	1.944107e-01	1.314743e-01	1.618865e-01	1.435030e-01	2.180298e-01	1.077344e-01	2.964124e-01	7.768796e-02	2.351157e-01	1.430509e-01	1.639353e-01	1.119977e-01	1.978425e-01	1.900501e-01	3.320747e-01	1.589699e-01	2.034487e-01	3.541399e-01	2.353866e-01	1.599661e-01	1.567419e-01	1.784575e-01	8.443439e-02	1.627849e-01	1.375719e-01	1.005696e-01	1.196366e-01	8.381200e-02	1.351920e-01	1.242496e-01	8.960604e-02	1.831533e-01	7.882350e-02	9.865104e-02	9.335596e-02	1.309812e-01	1.807364e-01	1.195348e-01	1.505889e-01	1.046851e-01	1.391192e-01	9.925780e-02	1.759274e-01	1.346461e-01	1.941937e-01	4.045547e-01	9.272890e-02	1.439771e-01	1.686156e-01	2.212351e-01	1.241720e-01	9.308730e-02	1.002039e-01	7.308026e-02	1.356477e-01	1.935773e-01	1.084299e-01	1.861789e-01	1.870338e-01	1.022267e-01	1.451180e-01	1.430396e-01	1.328286e-01	1.348724e-01	1.632622e-01	8.984911e-02	3.475501e-01	8.840148e-02	1.025945e-01	1.129401e-01
TOPIC_4	2.993546e-01	1.181938e-01	1.207529e-01	0.000000e+00	1.930557e-01	1.764309e-01	9.023386e-02	1.591293e-01	1.131177e-01	1.115022e-01	1.516574e-01	7.130097e-02	1.035184e-01	1.112309e-01	3.021964e-01	1.700393e-01	1.087838e-01	5.646221e-02	1.028338e-01	1.444020e-01	2.747977e-01	1.119199e-01	1.114488e-01	6.602194e-02	1.087440e-01	1.264354e-01	3.247543e-01	1.334388e-01	8.208591e-02	3.755804e-01	1.010076e-01	1.148273e-01	2.469748e-01	2.459630e-01	1.049141e-01	1.276457e-01	9.455981e-02	7.926116e-02	1.304969e-01	2.736546e-01	1.432343e-01	7.273499e-01	3.667836e-01	1.200409e-01	1.898851e-01	1.148821e-01	1.771395e-01	2.326343e-01	2.414461e-01	1.465975e-01	1.429936e-01	1.623983e-01	1.841029e-01	1.410753e-01	1.984000e-01	8.491192e-02	1.327589e-01	1.127423e-01	2.211464e-01	1.496208e-01	5.921474e-01	1.088793e-01	8.100539e-02	1.656041e-01	1.657105e-01	1.155977e-01	7.164998e-02	1.306408e-01	8.212507e-02	1.002826e-01	2.973790e-01	8.300396e-02	1.335725e-01	1.964884e-01	6.592951e-02	3.632973e-01	1.018426e-01	2.269965e-01	7.129896e-02	6.711562e-02	2.906208e-01	7.060609e-02	8.619114e-02	7.925500e-02	2.668523e-01	2.438465e-01	6.036551e-02	8.621001e-02	2.080808e-01	1.142353e-01	1.774874e-01	3.995634e-01	1.502302e-01	9.853180e-02	2.420665e-01	2.180794e-01	2.727248e-01	9.280923e-02	9.479950e-02	1.435593e-01
TOPIC_5	4.820828e-01	1.319274e-01	2.334309e-01	1.930557e-01	0.000000e+00	2.924281e-01	2.052814e-01	1.012085e-01	2.812937e-01	1.733829e-01	1.060924e-01	1.382488e-01	2.008507e-01	2.614712e-01	2.193996e-01	1.257575e-01	1.802151e-01	1.078753e-01	7.055933e-02	1.687218e-01	2.112099e-01	1.368095e-01	1.734021e-01	1.258118e-01	1.751205e-01	1.930245e-01	2.346219e-01	1.961373e-01	1.767693e-01	2.440237e-01	1.851184e-01	3.046372e-01	2.254843e-01	2.537349e-01	2.032896e-01	1.881984e-01	2.413736e-01	2.022683e-01	2.165681e-01	2.065497e-01	2.158311e-01	1.416461e-01	3.073215e-01	1.490953e-01	3.792330e-01	1.522921e-01	2.140145e-01	2.696308e-01	2.298600e-01	1.509583e-01	2.255962e-01	2.416465e-01	1.114101e-01	1.701410e-01	1.791771e-01	1.212967e-01	1.809844e-01	1.809419e-01	1.725572e-01	2.241734e-01	1.675695e-01	2.312765e-01	1.578932e-01	1.494854e-01	1.357381e-01	5.061882e-01	1.583463e-01	1.600691e-01	9.007286e-02	1.357861e-01	2.562632e-01	1.724718e-01	1.949414e-01	1.545269e-01	1.729694e-01	3.867361e-01	1.286701e-01	2.101797e-01	1.723080e-01	2.845610e-01	2.978100e-01	1.317109e-01	9.578734e-02	1.093686e-01	2.875493e-01	2.611844e-01	1.278955e-01	1.358000e-01	2.195768e-01	1.826340e-01	2.473783e-01	2.378658e-01	1.425526e-01	2.849167e-01	2.022189e-01	1.462666e-01	4.431798e-01	1.507399e-01	1.343956e-01	2.226825e-01
TOPIC_6	2.284067e-01	6.979047e-02	1.121875e-01	1.764309e-01	2.924281e-01	0.000000e+00	9.121651e-02	7.206699e-02	4.824007e-01	1.791435e-01	9.805681e-02	9.006167e-02	4.617221e-01	1.069166e-01	4.188359e-01	1.081841e-01	1.350200e-01	5.948455e-02	4.438123e-02	1.549136e-01	1.056211e-01	8.200843e-02	1.009992e+00	1.380318e-01	1.031993e-01	1.076311e-01	4.320817e-01	8.002509e-02	5.167076e-01	2.137718e-01	2.603916e-01	1.930395e-01	2.033073e-01	1.908964e-01	1.338113e-01	3.885220e-01	8.151313e-02	2.037991e-01	1.283260e-01	1.358815e-01	2.632453e-01	6.092794e-02	2.912567e-01	6.455596e-02	1.660421e-01	1.309773e-01	7.362351e-02	1.833845e-01	1.283941e-01	9.902443e-02	1.297608e-01	1.086566e-01	5.141107e-02	1.905647e-01	2.292190e-01	6.922215e-02	4.634592e-01	8.341005e-01	9.393888e-02	9.284779e-02	2.987732e-01	1.212826e-01	5.089437e-01	1.669702e-01	8.988071e-02	5.192426e-01	1.261899e-01	1.176657e-01	7.286745e-02	1.416807e-01	3.381351e-01	2.693259e-01	7.234728e-02	1.771237e-01	7.676763e-02	2.830480e-01	1.362482e-01	1.381515e-01	1.441943e-01	7.208131e-02	2.813804e-01	1.649621e-01	5.852039e-02	2.423242e-01	1.315920e-01	1.021564e-01	2.694306e-01	2.700912e-01	3.395672e-01	1.010208e-01	2.939020e-01	1.093958e-01	6.206095e-02	2.346040e-01	1.213458e-01	1.259062e-01	3.435169e-01	5.593846e-02	9.934400e-02	1.198282e-01
TOPIC_7	3.382946e-01	8.910980e-02	2.132808e-01	9.023386e-02	2.052814e-01	9.121651e-02	0.000000e+00	1.064743e-01	8.932081e-02	1.199449e-01	1.211379e-01	6.313996e-02	5.938463e-02	7.505019e-02	1.490460e-01	6.475839e-02	1.186518e-01	2.807587e-01	5.073148e-02	1.619571e-01	1.164547e-01	1.052530e-01	4.471301e-02	3.553614e-02	9.534942e-02	2.218061e-01	8.370112e-02	8.313108e-02	5.422360e-02	1.217487e-01	1.083239e-01	1.059012e-01	1.500281e-01	1.146314e-01	5.066014e-01	5.474923e-02	2.564942e-01	6.934839e-02	9.756942e-02	9.643812e-02	1.804981e-01	8.309962e-02	2.134830e-01	1.105849e-01	2.886984e-01	1.576779e-01	9.219593e-02	2.126872e-01	2.240823e-01	1.234993e-01	1.148388e-01	1.125108e-01	5.046849e-02	1.340807e-01	1.465044e-01	3.863545e-02	1.047792e-01	5.177108e-02	8.353755e-02	1.080508e-01	7.911870e-02	5.741820e-01	4.590169e-02	7.237596e-02	5.724981e-02	7.378254e-02	8.803764e-02	8.941937e-02	4.502148e-02	1.775309e-01	8.953947e-02	6.407295e-02	6.502315e-02	1.084369e-01	1.135011e-01	2.768586e-01	9.630145e-02	1.132035e-01	5.986430e-02	2.388809e-01	1.582743e-01	4.844247e-02	1.073096e-01	6.172155e-02	1.376532e-01	1.008505e-01	5.322232e-02	1.012385e-01	1.633269e-01	6.880048e-02	1.007944e-01	1.014067e-01	1.257409e-01	8.775631e-02	7.322925e-02	7.930015e-02	2.656227e-01	2.041003e-01	9.094582e-02	6.348871e-02
TOPIC_8	1.486091e-01	7.548988e-02	2.696209e-01	1.591293e-01	1.012085e-01	7.206699e-02	1.064743e-01	0.000000e+00	9.562581e-02	1.158631e-01	9.054424e-02	8.355158e-02	5.525585e-02	6.664945e-02	1.532621e-01	1.010313e-01	9.771845e-02	5.082281e-02	2.299321e-01	1.253768e-01	8.540344e-01	2.279070e+00	5.938531e-02	4.538212e-02	8.812869e-02	1.919792e-01	1.092016e-01	9.449560e-02	5.207694e-02	7.969483e-01	1.504171e-01	1.347420e-01	2.659763e-01	3.985477e-01	1.683671e-01	4.487199e-02	1.111515e-01	6.104976e-02	5.768871e-01	3.684093e-01	6.562832e-02	8.888305e-02	6.451901e-01	1.145886e-01	1.454785e-01	2.526402e-01	1.521436e-01	7.814970e-01	2.157111e-01	3.357521e-01	1.612629e-01	2.911170e-01	9.280540e-02	4.133338e-01	3.073256e-01	8.312957e-02	1.241565e-01	5.038612e-02	2.083153e-01	1.551129e-01	1.047161e-01	1.426476e-01	8.355295e-02	7.887446e-02	1.901879e-01	9.117702e-02	7.278881e-02	1.602045e-01	5.584672e-01	9.528608e-02	1.180122e-01	5.775702e-02	6.932151e-02	1.691517e-01	1.246032e-01	4.320355e-01	8.706206e-02	1.096660e-01	1.946539e-01	7.798097e-02	4.107029e-01	1.078910e-01	1.222945e-01	5.370499e-02	2.404076e-01	2.168936e-01	5.417696e-02	1.549860e-01	3.078276e-01	1.130456e-01	2.662270e-01	1.495316e-01	1.184711e-01	1.254799e-01	2.510730e-01	1.724975e-01	1.823059e-01	1.257783e-01	1.981236e-01	9.417050e-02
TOPIC_9	3.131082e-01	8.556814e-02	1.403800e-01	1.131177e-01	2.812937e-01	4.824007e-01	8.932081e-02	9.562581e-02	0.000000e+00	9.889721e-02	6.276925e-02	1.307828e-01	4.114431e-01	1.884241e-01	2.092227e-01	9.877596e-02	1.684412e-01	1.040664e-01	6.470114e-02	1.357437e-01	1.632299e-01	1.016371e-01	2.392952e-01	1.570118e-01	1.110320e-01	1.113588e-01	2.274317e-01	1.466081e-01	2.323141e-01	1.824428e-01	1.886674e-01	1.871150e-01	1.339123e-01	1.465531e-01	1.298957e-01	1.839648e-01	2.730357e-01	1.484184e-01	1.952593e-01	9.860032e-02	1.535124e-01	7.060027e-02	1.687922e-01	9.943553e-02	1.849237e-01	1.247822e-01	9.544157e-02	1.671485e-01	1.422647e-01	9.669857e-02	1.373596e-01	1.391163e-01	5.144591e-02	1.759017e-01	1.766589e-01	7.490280e-02	2.220839e-01	2.163220e-01	9.381938e-02	1.014345e-01	1.261063e-01	1.254833e-01	2.279094e-01	2.801756e-01	8.336131e-02	8.099871e-01	1.523335e-01	1.014770e-01	8.470865e-02	1.747088e-01	2.678312e-01	4.037820e-01	7.764216e-02	1.501628e-01	1.324071e-01	2.652876e-01	1.482561e-01	1.237883e-01	1.482036e-01	1.361147e-01	1.002791e-01	2.173187e-01	6.969761e-02	1.496334e-01	1.998354e-01	1.441688e-01	3.721328e-01	1.486541e-01	2.180942e-01	1.841339e-01	2.803331e-01	1.077905e-01	6.459566e-02	2.798038e-01	1.611964e-01	7.670325e-02	3.295583e-01	7.572014e-02	1.281558e-01	1.437146e-01
TOPIC_10	1.968820e-01	6.155475e-02	1.088387e-01	1.115022e-01	1.733829e-01	1.791435e-01	1.199449e-01	1.158631e-01	9.889721e-02	0.000000e+00	5.968826e-02	5.546737e-02	7.559103e-02	1.014933e-01	3.869310e-01	9.272900e-02	8.452992e-02	4.652720e-02	4.876397e-02	1.246050e-01	1.081283e-01	1.033465e-01	1.485598e-01	6.377974e-02	1.059786e-01	6.732946e-02	1.459934e-01	1.063571e-01	9.029652e-02	1.761751e-01	8.574810e-02	2.140742e-01	1.363818e-01	1.379218e-01	1.948883e-01	9.218337e-02	5.300672e-02	1.500910e-01	1.177304e-01	6.766658e-02	3.026388e-01	6.980408e-02	2.777299e-01	5.676397e-02	1.453659e-01	1.177509e-01	7.904251e-02	1.656960e-01	7.113296e-02	9.681527e-02	1.050721e-01	1.206258e-01	5.564295e-02	9.718453e-02	1.253096e-01	5.611916e-02	1.284060e-01	1.733519e-01	9.952939e-02	1.768689e-01	1.924859e-01	1.093601e-01	8.089186e-02	3.962559e-02	9.000157e-02	1.889008e-01	6.739493e-02	9.087739e-02	7.629662e-02	6.194785e-02	1.107557e-01	6.480983e-02	8.058709e-02	9.757236e-02	6.403910e-02	2.145395e-01	6.910672e-02	1.126909e-01	5.702941e-02	8.998696e-02	2.367394e-01	4.510410e-02	6.258304e-02	7.199464e-02	1.676483e-01	9.361663e-02	6.252029e-02	1.979529e-01	1.643208e-01	5.561905e-02	1.412539e-01	5.164024e-02	7.281382e-02	1.700356e-01	7.281150e-02	8.489637e-02	2.936021e-01	5.929116e-02	5.885375e-02	1.191497e-01
TOPIC_11	1.723198e-01	1.507325e-01	9.687529e-02	1.516574e-01	1.060924e-01	9.805681e-02	1.211379e-01	9.054424e-02	6.276925e-02	5.968826e-02	0.000000e+00	9.680454e-02	8.507713e-02	2.149470e-01	7.010464e-02	9.317713e-02	7.844603e-02	8.461153e-02	7.637231e-02	8.923121e-02	1.551067e-01	5.560805e-02	4.672652e-02	3.643383e-02	1.932328e-01	9.552482e-02	1.563221e-01	1.385211e-01	5.932359e-02	1.851921e-01	1.158257e-01	7.672484e-02	2.400426e-01	1.163192e-01	1.282722e-01	8.465950e-02	1.105001e-01	5.793404e-02	4.946768e-02	2.423493e-01	1.003640e-01	6.324285e-02	2.329682e-01	7.330144e-02	1.280567e-01	1.358266e-01	2.099558e-01	1.639613e-01	3.366071e-01	1.199253e-01	1.142782e-01	1.911609e-01	1.193277e-01	9.492717e-02	1.173420e-01	9.019360e-02	6.447340e-02	6.412152e-02	1.244686e-01	1.928354e-01	1.556830e-01	7.185917e-02	7.444394e-02	1.157126e-01	1.039936e-01	7.634681e-02	1.084488e-01	1.358840e-01	3.870426e-02	7.934301e-02	1.021145e-01	5.397226e-02	8.035096e-02	2.021883e-01	8.294676e-02	3.354810e-01	9.424009e-02	9.488216e-02	4.515808e-02	9.266844e-02	1.190848e-01	5.028558e-02	1.554885e-01	5.217378e-02	1.707179e-01	1.056219e-01	3.629086e-02	8.480905e-02	2.008084e-01	1.166261e-01	9.101660e-02	1.632295e-01	9.409885e-02	6.250417e-02	1.515176e-01	1.584472e-01	1.357563e-01	1.322717e-01	7.667803e-02	1.955801e-01
TOPIC_12	2.748290e-01	9.479437e-02	1.352986e-01	7.130097e-02	1.382488e-01	9.006167e-02	6.313996e-02	8.355158e-02	1.307828e-01	5.546737e-02	9.680454e-02	0.000000e+00	1.116051e-01	4.293616e-01	5.211101e-02	6.767720e-02	1.153333e-01	9.331752e-02	1.013166e-01	1.020881e-01	1.051496e-01	9.269282e-02	4.958725e-02	6.369459e-02	1.843984e-01	1.648506e-01	8.925689e-02	3.713494e-01	7.109968e-02	9.525681e-02	1.771467e-01	9.855594e-02	1.410191e-01	7.279759e-02	1.316411e-01	8.544048e-02	1.432496e-01	6.310430e-02	9.762232e-02	1.195621e-01	1.264899e-01	5.039765e-02	1.271045e-01	1.112282e-01	1.518016e-01	1.342432e-01	1.295076e-01	1.329709e-01	2.001210e-01	9.699055e-02	6.206993e-02	9.294700e-02	8.144582e-02	7.803249e-02	1.078030e-01	7.629854e-02	8.290778e-02	4.745608e-02	8.000449e-02	1.218337e-01	4.987679e-02	5.595460e-02	7.328780e-02	7.681044e-02	7.615004e-02	1.006465e-01	1.505877e-01	6.408760e-02	7.005936e-02	1.254129e-01	1.050145e-01	9.624286e-02	1.829579e-01	1.575688e-01	2.470992e-01	4.197840e-01	6.693125e-02	7.046982e-02	7.470243e-02	1.406943e-01	6.894442e-02	7.064493e-02	1.595448e-01	3.930542e-02	8.182849e-02	1.006341e-01	8.475850e-02	1.120658e-01	1.484463e-01	1.251719e-01	1.189172e-01	9.845890e-02	1.265565e-01	9.457829e-02	1.218462e-01	4.672302e-02	2.828706e-01	7.324244e-02	6.352321e-02	1.924726e-01
TOPIC_13	1.992272e-01	7.641950e-02	1.309392e-01	1.035184e-01	2.008507e-01	4.617221e-01	5.938463e-02	5.525585e-02	4.114431e-01	7.559103e-02	8.507713e-02	1.116051e-01	0.000000e+00	3.469972e-01	1.587102e-01	1.947155e-01	8.930383e-02	6.055682e-02	5.438385e-02	1.357864e-01	8.334564e-02	6.653146e-02	3.400274e-01	1.928853e-01	7.311454e-02	9.198982e-02	2.771852e-01	7.315718e-02	4.248810e-01	1.470406e-01	4.316934e-01	8.919774e-02	1.199590e-01	1.225228e-01	1.272668e-01	7.699991e-01	5.898184e-02	1.154097e-01	1.470967e-01	7.892621e-02	1.705161e-01	6.563124e-02	1.609555e-01	7.118495e-02	1.874168e-01	1.217147e-01	8.154345e-02	1.276008e-01	8.216524e-02	7.797055e-02	6.852158e-02	1.730788e-01	4.010466e-02	9.725310e-02	1.470868e-01	9.079734e-02	2.249165e-01	3.790896e-01	7.754809e-02	7.485687e-02	1.297051e-01	7.006721e-02	6.007033e-01	1.222620e-01	8.758445e-02	5.339014e-01	3.293763e-01	1.416825e-01	4.837148e-02	1.307304e-01	2.103258e-01	3.954952e-01	5.710472e-02	1.574669e-01	1.406711e-01	2.290833e-01	1.700898e-01	8.133353e-02	1.317271e-01	6.939766e-02	8.322554e-02	3.777171e-01	5.471451e-02	1.252270e-01	1.207713e-01	8.063050e-02	3.017228e-01	2.531108e-01	3.186970e-01	4.157395e-01	3.433860e-01	9.261286e-02	5.397288e-02	2.198223e-01	1.283071e-01	5.084360e-02	1.855284e-01	5.778420e-02	6.721410e-02	1.290205e-01
TOPIC_14	3.295984e-01	3.429081e-01	1.979341e-01	1.112309e-01	2.614712e-01	1.069166e-01	7.505019e-02	6.664945e-02	1.884241e-01	1.014933e-01	2.149470e-01	4.293616e-01	3.469972e-01	0.000000e+00	1.033216e-01	1.988078e-01	9.836684e-02	8.863167e-02	1.046776e-01	1.511433e-01	1.513490e-01	6.923674e-02	6.877768e-02	1.228795e-01	2.723726e-01	1.565997e-01	2.045217e-01	2.037380e-01	1.105345e-01	2.035047e-01	2.710797e-01	2.122848e-01	1.829488e-01	1.702301e-01	1.789157e-01	2.331874e-01	2.038863e-01	9.349352e-02	1.002803e-01	2.004327e-01	1.581982e-01	7.121356e-02	2.016800e-01	8.687388e-02	2.326903e-01	2.979265e-01	1.814664e-01	1.986341e-01	3.016712e-01	1.562447e-01	1.263578e-01	3.234727e-01	1.079167e-01	1.129973e-01	1.541032e-01	1.307940e-01	9.121574e-02	8.082771e-02	1.210294e-01	2.675435e-01	1.095445e-01	5.824242e-02	1.556173e-01	1.638245e-01	1.643797e-01	2.241287e-01	5.218117e-01	1.979595e-01	6.194203e-02	1.095993e-01	1.789981e-01	2.475462e-01	2.950328e-01	2.293071e-01	4.400098e-01	4.423746e-01	2.150215e-01	1.045944e-01	1.159157e-01	2.751194e-01	1.006474e-01	1.582537e-01	1.604803e-01	1.089895e-01	2.728984e-01	1.146931e-01	1.286090e-01	1.098668e-01	2.462121e-01	5.794774e-01	1.360478e-01	2.056553e-01	1.374545e-01	2.722297e-01	2.012816e-01	1.249211e-01	3.127105e-01	1.013744e-01	1.104170e-01	3.552908e-01
TOPIC_15	2.488715e-01	1.346234e-01	1.441417e-01	3.021964e-01	2.193996e-01	4.188359e-01	1.490460e-01	1.532621e-01	2.092227e-01	3.869310e-01	7.010464e-02	5.211101e-02	1.587102e-01	1.033216e-01	0.000000e+00	1.752669e-01	1.280446e-01	5.698390e-02	6.578651e-02	2.663877e-01	2.627206e-01	1.022825e-01	2.639494e-01	1.109037e-01	1.019357e-01	1.167629e-01	4.726583e-01	6.407330e-02	2.824607e-01	4.431680e-01	1.342221e-01	1.417959e-01	1.522580e-01	2.640775e-01	1.550166e-01	2.625501e-01	6.875269e-02	1.644706e-01	2.262686e-01	1.267494e-01	2.782162e-01	1.570896e-01	4.042378e-01	1.060687e-01	2.440192e-01	1.124903e-01	9.111995e-02	2.308450e-01	1.615921e-01	1.183448e-01	2.285438e-01	2.018825e-01	6.397923e-02	2.046046e-01	2.942893e-01	7.093993e-02	4.712714e-01	3.227621e-01	9.787739e-02	1.674514e-01	6.308911e-01	2.282426e-01	1.701047e-01	1.036339e-01	1.348852e-01	3.940469e-01	1.018337e-01	1.831090e-01	1.005755e-01	1.065311e-01	2.234799e-01	1.377244e-01	8.582030e-02	1.263822e-01	6.793493e-02	2.258631e-01	9.619966e-02	1.812071e-01	1.426493e-01	7.850446e-02	4.038445e-01	9.828034e-02	5.719565e-02	3.470279e-01	5.099558e-01	1.710832e-01	5.802331e-02	1.639114e-01	3.018428e-01	1.180936e-01	1.816000e-01	1.221742e-01	8.238272e-02	2.127085e-01	1.112040e-01	2.166024e-01	6.430402e-01	1.012649e-01	1.456142e-01	1.862162e-01
TOPIC_16	1.756666e-01	1.919343e-01	9.295555e-02	1.700393e-01	1.257575e-01	1.081841e-01	6.475839e-02	1.010313e-01	9.877596e-02	9.272900e-02	9.317713e-02	6.767720e-02	1.947155e-01	1.988078e-01	1.752669e-01	0.000000e+00	6.482398e-02	4.415173e-02	5.183485e-02	1.214986e-01	1.389246e-01	1.007503e-01	9.034662e-02	9.221146e-02	8.360196e-02	8.480883e-02	1.612151e-01	6.079023e-02	1.131323e-01	1.895298e-01	1.688781e-01	1.215655e-01	1.219435e-01	1.625170e-01	1.419122e-01	2.187369e-01	5.739124e-02	7.149798e-02	1.008352e-01	2.634086e-01	1.058378e-01	7.140459e-02	1.954081e-01	6.156206e-02	1.447345e-01	1.592628e-01	8.973493e-02	1.336830e-01	2.017325e-01	1.111577e-01	1.504192e-01	1.728661e-01	5.235039e-02	1.081047e-01	1.212286e-01	1.005953e-01	9.338159e-02	9.980468e-02	8.429025e-02	8.714630e-02	1.792807e-01	5.618809e-02	1.652499e-01	8.900248e-02	9.272048e-02	1.497816e-01	1.659277e-01	1.123386e-01	4.924758e-02	6.177590e-02	1.127483e-01	9.424911e-02	8.283411e-02	1.168251e-01	9.236778e-02	2.280028e-01	8.198570e-02	8.888656e-02	1.458488e-01	1.689070e-01	1.575242e-01	1.461269e-01	7.071067e-02	5.331343e-02	1.477724e-01	8.807707e-02	5.627159e-02	7.733747e-02	1.713516e-01	2.125014e-01	1.069673e-01	1.660201e-01	6.462193e-02	1.542022e-01	1.076207e-01	1.926044e-01	1.983205e-01	1.282897e-01	5.818657e-02	1.052976e-01
TOPIC_17	5.156560e-01	6.908716e-02	1.783525e-01	1.087838e-01	1.802151e-01	1.350200e-01	1.186518e-01	9.771845e-02	1.684412e-01	8.452992e-02	7.844603e-02	1.153333e-01	8.930383e-02	9.836684e-02	1.280446e-01	6.482398e-02	0.000000e+00	1.047303e-01	7.892639e-02	1.342450e-01	2.240266e-01	7.432959e-02	8.331485e-02	5.378396e-02	1.584961e-01	1.521194e-01	1.291225e-01	2.898496e-01	7.839373e-02	1.736588e-01	9.637218e-02	1.621409e-01	1.513822e-01	2.188798e-01	1.329301e-01	6.625486e-02	4.812226e-01	9.471265e-02	1.342969e-01	1.187794e-01	1.388066e-01	1.045272e-01	2.318136e-01	1.627465e-01	2.978854e-01	1.108165e-01	1.937106e-01	2.148858e-01	2.024562e-01	1.231455e-01	1.513957e-01	1.401862e-01	1.142020e-01	1.634590e-01	1.260998e-01	1.219729e-01	1.116153e-01	8.339354e-02	1.595340e-01	1.469192e-01	8.537065e-02	2.312267e-01	6.256011e-02	8.761440e-02	1.154175e-01	2.265364e-01	6.426059e-02	9.906247e-02	6.422265e-02	1.056113e-01	1.165561e-01	1.128837e-01	1.255668e-01	1.425580e-01	7.536258e-02	3.593201e-01	8.166307e-02	1.740042e-01	9.636341e-02	1.665544e-01	2.154910e-01	5.969050e-02	7.122005e-02	5.062558e-02	1.918533e-01	2.179749e-01	8.932091e-02	1.246895e-01	1.739867e-01	7.674604e-02	1.468140e-01	1.503480e-01	1.274010e-01	1.468124e-01	1.919112e-01	8.385291e-02	3.588081e-01	1.176000e-01	7.337542e-02	1.202160e-01
TOPIC_18	2.447028e-01	4.580728e-02	1.034168e-01	5.646221e-02	1.078753e-01	5.948455e-02	2.807587e-01	5.082281e-02	1.040664e-01	4.652720e-02	8.461153e-02	9.331752e-02	6.055682e-02	8.863167e-02	5.698390e-02	4.415173e-02	1.047303e-01	0.000000e+00	3.324534e-02	1.044239e-01	7.171716e-02	4.469935e-02	3.595118e-02	4.030427e-02	1.442087e-01	1.008991e-01	6.031979e-02	1.832424e-01	4.767330e-02	8.839971e-02	1.258266e-01	7.816387e-02	7.996464e-02	6.798333e-02	2.475946e-01	4.441275e-02	6.830490e-01	4.155473e-02	7.288096e-02	7.006460e-02	1.381544e-01	4.867714e-02	1.379580e-01	1.011296e-01	1.627003e-01	1.188183e-01	9.082760e-02	1.091666e-01	1.513694e-01	8.321100e-02	6.636684e-02	8.348898e-02	5.942591e-02	9.481515e-02	8.879504e-02	6.200238e-02	6.798654e-02	4.547225e-02	6.685498e-02	7.261680e-02	4.665189e-02	7.742161e-02	4.799848e-02	6.282365e-02	5.381194e-02	4.569327e-02	6.511873e-02	6.756341e-02	3.910859e-02	8.847848e-02	6.655558e-02	6.866567e-02	5.747795e-02	1.019340e-01	8.298795e-02	2.192599e-01	4.689652e-02	7.236429e-02	7.633549e-02	2.772201e-01	7.170632e-02	3.005415e-02	1.109561e-01	3.624646e-02	8.129364e-02	7.303060e-02	1.159640e-01	1.320605e-01	1.354908e-01	6.876623e-02	1.119626e-01	7.375284e-02	6.575273e-02	7.280229e-02	8.049612e-02	5.343785e-02	1.872686e-01	7.108355e-02	6.977914e-02	6.393742e-02
TOPIC_19	1.280961e-01	7.736547e-02	1.159372e-01	1.028338e-01	7.055933e-02	4.438123e-02	5.073148e-02	2.299321e-01	6.470114e-02	4.876397e-02	7.637231e-02	1.013166e-01	5.438385e-02	1.046776e-01	6.578651e-02	5.183485e-02	7.892639e-02	3.324534e-02	0.000000e+00	6.430865e-02	1.614460e-01	1.221631e-01	3.329472e-02	2.796309e-02	1.380053e-01	9.829114e-02	7.496059e-02	1.768093e-01	3.703135e-02	1.799149e-01	5.728385e-02	8.772086e-02	2.027172e-01	2.061454e-01	6.455022e-02	4.605496e-02	5.738732e-02	4.148447e-02	9.335127e-02	1.241410e-01	6.405166e-02	7.794746e-02	3.100158e-01	8.397671e-02	7.749173e-02	7.517792e-02	2.098356e-01	1.483909e-01	1.580875e-01	9.262470e-02	8.218932e-02	1.026016e-01	5.333297e-01	6.930784e-02	1.016082e-01	7.612597e-02	6.409848e-02	3.199974e-02	1.699259e-01	1.635074e-01	7.113946e-02	1.354829e-01	3.839503e-02	6.364548e-02	3.857393e-01	6.087515e-02	5.321818e-02	6.792441e-02	6.819497e-02	4.938639e-02	1.210067e-01	5.208366e-02	2.203217e-01	1.463885e-01	5.118211e-02	2.846236e-01	6.772719e-02	7.510196e-02	3.942635e-02	5.405931e-02	2.363269e-01	4.217466e-02	6.503204e-02	3.198287e-02	2.759567e-01	9.800414e-02	3.913480e-02	5.442937e-02	1.582177e-01	6.956582e-02	9.209375e-02	1.812379e-01	1.455623e-01	7.585681e-02	2.462345e-01	5.090780e-02	1.300362e-01	4.523542e-02	4.568250e-02	1.226713e-01
TOPIC_20	3.208889e-01	1.084910e-01	1.312959e-01	1.444020e-01	1.687218e-01	1.549136e-01	1.619571e-01	1.253768e-01	1.357437e-01	1.246050e-01	8.923121e-02	1.020881e-01	1.357864e-01	1.511433e-01	2.663877e-01	1.214986e-01	1.342450e-01	1.044239e-01	6.430865e-02	0.000000e+00	2.018134e-01	1.396075e-01	1.364150e-01	1.067968e-01	1.026122e-01	1.232015e-01	1.385893e-01	1.123932e-01	1.547010e-01	2.113888e-01	1.390994e-01	1.445325e-01	1.491502e-01	2.087348e-01	3.051158e-01	1.290536e-01	1.921848e-01	1.073945e-01	1.577606e-01	1.488343e-01	1.634632e-01	1.091745e-01	2.565788e-01	1.116506e-01	3.071626e-01	1.368543e-01	1.133485e-01	1.868617e-01	1.604358e-01	1.321598e-01	1.963896e-01	1.770806e-01	8.633766e-02	1.438086e-01	1.552723e-01	8.682952e-02	2.144628e-01	1.315373e-01	1.268306e-01	1.032548e-01	1.477373e-01	1.291915e-01	1.209014e-01	1.078260e-01	1.185292e-01	2.161746e-01	1.338424e-01	1.312799e-01	7.761448e-02	1.250173e-01	1.165980e-01	1.034891e-01	9.961117e-02	1.274832e-01	1.365083e-01	2.663452e-01	8.040481e-02	1.623977e-01	1.291457e-01	1.379022e-01	2.134308e-01	1.034690e-01	8.206625e-02	9.801181e-02	2.232245e-01	1.706439e-01	8.224611e-02	1.119069e-01	1.886022e-01	1.600889e-01	1.468724e-01	1.794807e-01	1.309268e-01	1.720196e-01	1.313385e-01	1.884786e-01	3.342665e-01	1.101980e-01	1.017760e-01	1.262395e-01
TOPIC_21	4.720418e-01	1.971521e-01	1.731479e-01	2.747977e-01	2.112099e-01	1.056211e-01	1.164547e-01	8.540344e-01	1.632299e-01	1.081283e-01	1.551067e-01	1.051496e-01	8.334564e-02	1.513490e-01	2.627206e-01	1.389246e-01	2.240266e-01	7.171716e-02	1.614460e-01	2.018134e-01	0.000000e+00	4.201434e-01	7.068824e-02	4.758834e-02	2.286541e-01	2.179156e-01	2.035203e-01	1.826108e-01	6.395825e-02	5.860371e-01	1.027929e-01	1.993323e-01	3.315783e-01	3.714361e-01	1.312934e-01	6.294854e-02	1.604850e-01	1.076688e-01	2.512158e-01	3.382316e-01	1.439356e-01	2.966081e-01	6.250069e-01	1.788522e-01	2.664099e-01	1.561359e-01	2.286405e-01	4.660034e-01	4.922994e-01	2.809936e-01	2.226009e-01	2.073080e-01	2.358866e-01	2.697736e-01	2.518591e-01	1.681341e-01	1.468233e-01	6.790016e-02	3.676962e-01	3.039261e-01	2.117927e-01	2.108030e-01	6.528298e-02	3.056693e-01	2.044494e-01	1.564302e-01	7.782610e-02	1.749782e-01	1.551122e-01	1.063793e-01	2.231901e-01	1.001989e-01	1.750880e-01	2.384873e-01	1.023142e-01	4.690154e-01	1.342044e-01	2.917186e-01	9.095001e-02	1.176686e-01	4.542798e-01	8.306341e-02	1.250055e-01	6.693199e-02	5.135156e-01	4.853726e-01	4.856721e-02	9.948695e-02	2.389385e-01	1.511305e-01	3.620249e-01	2.999659e-01	2.745085e-01	1.705406e-01	3.679059e-01	2.521244e-01	3.374006e-01	1.595704e-01	1.697417e-01	2.403807e-01
TOPIC_22	1.874393e-01	5.726215e-02	2.805041e-01	1.119199e-01	1.368095e-01	8.200843e-02	1.052530e-01	2.279070e+00	1.016371e-01	1.033465e-01	5.560805e-02	9.269282e-02	6.653146e-02	6.923674e-02	1.022825e-01	1.007503e-01	7.432959e-02	4.469935e-02	1.221631e-01	1.396075e-01	4.201434e-01	0.000000e+00	6.292356e-02	7.332130e-02	8.374906e-02	1.593380e-01	8.700436e-02	9.489168e-02	7.969108e-02	3.716985e-01	1.691763e-01	1.163592e-01	1.495477e-01	1.929023e-01	1.639708e-01	5.793244e-02	5.677457e-02	5.754814e-02	5.381437e-01	1.799150e-01	7.641274e-02	7.652721e-02	3.395008e-01	1.137828e-01	1.535213e-01	2.170905e-01	1.082447e-01	6.483222e-01	1.163893e-01	2.654657e-01	1.440664e-01	3.158589e-01	6.273299e-02	3.019768e-01	1.850156e-01	5.821112e-02	1.528061e-01	6.426377e-02	1.085720e-01	8.296454e-02	7.771510e-02	1.328516e-01	9.200513e-02	5.688978e-02	1.154701e-01	1.018190e-01	7.680939e-02	1.097604e-01	3.272258e-01	9.375286e-02	8.373691e-02	4.821512e-02	5.555493e-02	1.212500e-01	1.371216e-01	3.538975e-01	6.081697e-02	1.196104e-01	2.422662e-01	5.305952e-02	1.874992e-01	1.242852e-01	1.019234e-01	5.361610e-02	1.231532e-01	1.797412e-01	7.005342e-02	1.786176e-01	2.391863e-01	1.109040e-01	2.255035e-01	9.418104e-02	9.663064e-02	1.128459e-01	1.329370e-01	1.004096e-01	1.748102e-01	9.316516e-02	1.234199e-01	7.343975e-02
TOPIC_23	1.570668e-01	5.433149e-02	7.145182e-02	1.114488e-01	1.734021e-01	1.009992e+00	4.471301e-02	5.938531e-02	2.392952e-01	1.485598e-01	4.672652e-02	4.958725e-02	3.400274e-01	6.877768e-02	2.639494e-01	9.034662e-02	8.331485e-02	3.595118e-02	3.329472e-02	1.364150e-01	7.068824e-02	6.292356e-02	0.000000e+00	1.446127e-01	4.463077e-02	7.657540e-02	2.533698e-01	5.373889e-02	6.215229e-01	1.476503e-01	1.459835e-01	1.088821e-01	1.041291e-01	1.341873e-01	8.023244e-02	3.359248e-01	4.590915e-02	1.380510e-01	1.309531e-01	7.873295e-02	1.881550e-01	4.801721e-02	1.689388e-01	4.671878e-02	1.001434e-01	9.081557e-02	5.440466e-02	1.385262e-01	7.413728e-02	5.487265e-02	7.040329e-02	8.735255e-02	4.326422e-02	1.207592e-01	1.572366e-01	4.916625e-02	3.509607e-01	1.036506e+00	8.005483e-02	5.180900e-02	1.858361e-01	8.199015e-02	4.248417e-01	7.720872e-02	7.406280e-02	4.278478e-01	6.750090e-02	8.977814e-02	4.628794e-02	9.084163e-02	1.899397e-01	1.752762e-01	4.026538e-02	1.014185e-01	5.040821e-02	1.625156e-01	7.051146e-02	1.087737e-01	1.153745e-01	4.200667e-02	1.441331e-01	8.998357e-02	4.032858e-02	2.075686e-01	8.244174e-02	7.975879e-02	1.045149e-01	2.608113e-01	2.609890e-01	8.873633e-02	2.494854e-01	6.608417e-02	5.956903e-02	1.647291e-01	7.213055e-02	7.986303e-02	2.305949e-01	7.200961e-02	6.616099e-02	7.363255e-02
TOPIC_24	1.452583e-01	7.414002e-02	8.809297e-02	6.602194e-02	1.258118e-01	1.380318e-01	3.553614e-02	4.538212e-02	1.570118e-01	6.377974e-02	3.643383e-02	6.369459e-02	1.928853e-01	1.228795e-01	1.109037e-01	9.221146e-02	5.378396e-02	4.030427e-02	2.796309e-02	1.067968e-01	4.758834e-02	7.332130e-02	1.446127e-01	0.000000e+00	3.415760e-02	6.358554e-02	1.636191e-01	3.844629e-02	6.187044e-01	9.501839e-02	3.380914e-01	4.202087e-02	5.261851e-02	7.679532e-02	1.082079e-01	4.150969e-01	3.500192e-02	4.948595e-02	1.458090e-01	4.219219e-02	1.200244e-01	3.714559e-02	1.156864e-01	4.231811e-02	1.832864e-01	9.134720e-02	5.079871e-02	1.011504e-01	3.777251e-02	6.146572e-02	4.481223e-02	1.613578e-01	3.467266e-02	6.349798e-02	1.004961e-01	5.070808e-02	1.841008e-01	1.616524e-01	5.048786e-02	5.501884e-02	7.851564e-02	6.442760e-02	2.455455e-01	5.595019e-02	4.524069e-02	2.118543e-01	2.239058e-01	1.277052e-01	3.595461e-02	1.066716e-01	6.443301e-02	9.730785e-02	4.401276e-02	8.257637e-02	1.223253e-01	1.502133e-01	5.468677e-02	6.224698e-02	3.790559e-01	5.070880e-02	4.345129e-02	3.655649e-01	3.782888e-02	6.904350e-02	9.992133e-02	9.412516e-02	1.435784e-01	1.533186e-01	1.833703e-01	8.415792e-02	2.065941e-01	5.264669e-02	3.356432e-02	1.208201e-01	5.504968e-02	4.053555e-02	1.575794e-01	3.479652e-02	5.050862e-02	7.500235e-02
TOPIC_25	3.093115e-01	1.222299e-01	1.466590e-01	1.087440e-01	1.751205e-01	1.031993e-01	9.534942e-02	8.812869e-02	1.110320e-01	1.059786e-01	1.932328e-01	1.843984e-01	7.311454e-02	2.723726e-01	1.019357e-01	8.360196e-02	1.584961e-01	1.442087e-01	1.380053e-01	1.026122e-01	2.286541e-01	8.374906e-02	4.463077e-02	3.415760e-02	0.000000e+00	1.530761e-01	1.069296e-01	4.690413e-01	5.864695e-02	1.727225e-01	8.115534e-02	1.307635e-01	3.674791e-01	1.694888e-01	1.182785e-01	5.581942e-02	2.813669e-01	8.283465e-02	8.216995e-02	1.630195e-01	1.658032e-01	8.760283e-02	3.264325e-01	1.058100e-01	1.449452e-01	1.179307e-01	2.593859e-01	2.111412e-01	3.408629e-01	1.173529e-01	1.180712e-01	1.605285e-01	2.625002e-01	1.142866e-01	1.305106e-01	1.408361e-01	7.255340e-02	4.993628e-02	1.231205e-01	3.530021e-01	9.029371e-02	8.991792e-02	6.583214e-02	9.719853e-02	1.355950e-01	7.910968e-02	1.159566e-01	1.536663e-01	5.609929e-02	1.410051e-01	1.113553e-01	7.357072e-02	1.974592e-01	1.742131e-01	1.237739e-01	4.418475e-01	8.642215e-02	9.618176e-02	5.336536e-02	2.018801e-01	2.382094e-01	4.226995e-02	1.310981e-01	5.878040e-02	1.693467e-01	1.471225e-01	6.508017e-02	8.005982e-02	1.705887e-01	1.314353e-01	1.425568e-01	2.215442e-01	2.287530e-01	1.064484e-01	2.072324e-01	7.555665e-02	2.592348e-01	1.444811e-01	6.064529e-02	1.567899e-01
TOPIC_26	3.684017e-01	1.403656e-01	2.267380e-01	1.264354e-01	1.930245e-01	1.076311e-01	2.218061e-01	1.919792e-01	1.113588e-01	6.732946e-02	9.552482e-02	1.648506e-01	9.198982e-02	1.565997e-01	1.167629e-01	8.480883e-02	1.521194e-01	1.008991e-01	9.829114e-02	1.232015e-01	2.179156e-01	1.593380e-01	7.657540e-02	6.358554e-02	1.530761e-01	0.000000e+00	1.539499e-01	1.775675e-01	1.102268e-01	1.860203e-01	1.288039e-01	1.370206e-01	1.822912e-01	1.830828e-01	2.137006e-01	1.023855e-01	2.135902e-01	9.430106e-02	1.121741e-01	1.723340e-01	1.226289e-01	1.337379e-01	2.413520e-01	1.295184e-01	2.483583e-01	1.620338e-01	2.499833e-01	2.858525e-01	2.265770e-01	1.552374e-01	1.423609e-01	1.462453e-01	1.135085e-01	1.346543e-01	1.567952e-01	1.029992e-01	1.027403e-01	9.833966e-02	1.877064e-01	1.303858e-01	9.867465e-02	1.836165e-01	1.091314e-01	9.748448e-02	1.149818e-01	1.526749e-01	1.166594e-01	1.454258e-01	9.873162e-02	1.850806e-01	1.257692e-01	7.517443e-02	1.791045e-01	1.605090e-01	1.267976e-01	3.651647e-01	1.119025e-01	1.592743e-01	7.837085e-02	1.691067e-01	1.841787e-01	6.546955e-02	1.095922e-01	5.065602e-02	1.763868e-01	2.233448e-01	8.059040e-02	9.201275e-02	1.869834e-01	1.055456e-01	1.531968e-01	1.494717e-01	1.901827e-01	1.365451e-01	2.034470e-01	1.073054e-01	3.358771e-01	1.191853e-01	8.232610e-02	1.268714e-01
TOPIC_27	2.889977e-01	1.073453e-01	1.097414e-01	3.247543e-01	2.346219e-01	4.320817e-01	8.370112e-02	1.092016e-01	2.274317e-01	1.459934e-01	1.563221e-01	8.925689e-02	2.771852e-01	2.045217e-01	4.726583e-01	1.612151e-01	1.291225e-01	6.031979e-02	7.496059e-02	1.385893e-01	2.035203e-01	8.700436e-02	2.533698e-01	1.636191e-01	1.069296e-01	1.539499e-01	0.000000e+00	1.161351e-01	2.459631e-01	2.860178e-01	2.149736e-01	1.063907e-01	2.220586e-01	2.414672e-01	1.302785e-01	6.536024e-01	1.017204e-01	1.278793e-01	1.000929e-01	1.930546e-01	2.064843e-01	3.558593e-01	3.465982e-01	1.141858e-01	2.526428e-01	1.240933e-01	1.307434e-01	2.157512e-01	1.751463e-01	1.090628e-01	1.286353e-01	2.310740e-01	8.390315e-02	1.632817e-01	2.205683e-01	1.052854e-01	2.625570e-01	2.681943e-01	1.968500e-01	1.398645e-01	4.459306e-01	1.161997e-01	2.730567e-01	1.855466e-01	1.322182e-01	2.360240e-01	1.239775e-01	1.838481e-01	7.421087e-02	1.482209e-01	2.521717e-01	2.102479e-01	1.298252e-01	1.824911e-01	8.994382e-02	3.117864e-01	1.994652e-01	2.124421e-01	9.128766e-02	9.546379e-02	2.289243e-01	1.316226e-01	7.294529e-02	1.945330e-01	3.168850e-01	2.097672e-01	1.301481e-01	1.597376e-01	2.685526e-01	1.689819e-01	2.588894e-01	2.554176e-01	1.129794e-01	1.346389e-01	1.866684e-01	1.388973e-01	2.929421e-01	9.944572e-02	9.793108e-02	2.937668e-01
TOPIC_28	4.565275e-01	1.217833e-01	2.085085e-01	1.334388e-01	1.961373e-01	8.002509e-02	8.313108e-02	9.449560e-02	1.466081e-01	1.063571e-01	1.385211e-01	3.713494e-01	7.315718e-02	2.037380e-01	6.407330e-02	6.079023e-02	2.898496e-01	1.832424e-01	1.768093e-01	1.123932e-01	1.826108e-01	9.489168e-02	5.373889e-02	3.844629e-02	4.690413e-01	1.775675e-01	1.161351e-01	0.000000e+00	5.485023e-02	1.518245e-01	9.996625e-02	1.776692e-01	3.099278e-01	1.668649e-01	1.045467e-01	4.794340e-02	4.023417e-01	8.871746e-02	1.523321e-01	1.136442e-01	1.932228e-01	1.188301e-01	2.342761e-01	1.601897e-01	1.559670e-01	1.540909e-01	3.100252e-01	1.994145e-01	2.563831e-01	1.583466e-01	1.620788e-01	1.322101e-01	2.805637e-01	1.036027e-01	1.545625e-01	2.239336e-01	9.519276e-02	5.408783e-02	1.845966e-01	2.136249e-01	7.175227e-02	8.876602e-02	5.313367e-02	6.529661e-02	1.289292e-01	1.952571e-01	8.314908e-02	9.653210e-02	1.355470e-01	1.658957e-01	1.486009e-01	8.719932e-02	3.181745e-01	2.032813e-01	1.268209e-01	6.479521e-01	1.205460e-01	1.485730e-01	6.874889e-02	2.410918e-01	1.782627e-01	5.374058e-02	1.568748e-01	5.402298e-02	1.615225e-01	2.216981e-01	8.300798e-02	8.142742e-02	1.957986e-01	8.101635e-02	2.282134e-01	1.712260e-01	2.841283e-01	1.313629e-01	2.315880e-01	9.239591e-02	3.706313e-01	2.245498e-01	6.159787e-02	1.274774e-01
TOPIC_29	1.711367e-01	7.089890e-02	8.889634e-02	8.208591e-02	1.767693e-01	5.167076e-01	5.422360e-02	5.207694e-02	2.323141e-01	9.029652e-02	5.932359e-02	7.109968e-02	4.248810e-01	1.105345e-01	2.824607e-01	1.131323e-01	7.839373e-02	4.767330e-02	3.703135e-02	1.547010e-01	6.395825e-02	7.969108e-02	6.215229e-01	6.187044e-01	5.864695e-02	1.102268e-01	2.459631e-01	5.485023e-02	0.000000e+00	1.124328e-01	2.102513e-01	6.747379e-02	8.803158e-02	1.159800e-01	1.235911e-01	5.919451e-01	4.869982e-02	1.170499e-01	1.976802e-01	5.492132e-02	2.732916e-01	3.831279e-02	1.370534e-01	5.994028e-02	1.553589e-01	1.250428e-01	6.360010e-02	1.189098e-01	6.518978e-02	6.621766e-02	6.218729e-02	1.665576e-01	4.069618e-02	1.085270e-01	1.642320e-01	6.247852e-02	3.849565e-01	7.561222e-01	6.275272e-02	5.774536e-02	1.417819e-01	7.514083e-02	6.302107e-01	7.645432e-02	6.892608e-02	3.195115e-01	1.291244e-01	1.662650e-01	5.417585e-02	9.824837e-02	1.065755e-01	1.949223e-01	5.323620e-02	1.198431e-01	7.471807e-02	1.657447e-01	8.015687e-02	9.017961e-02	3.158954e-01	4.912990e-02	7.094571e-02	1.966298e-01	4.894915e-02	3.418462e-01	9.538311e-02	8.556714e-02	2.190270e-01	2.660743e-01	3.087063e-01	1.352676e-01	2.291685e-01	5.681254e-02	5.164947e-02	1.603232e-01	6.318853e-02	5.615697e-02	2.496379e-01	5.773312e-02	7.331113e-02	9.099302e-02
TOPIC_30	3.438004e-01	1.948632e-01	1.668140e-01	3.755804e-01	2.440237e-01	2.137718e-01	1.217487e-01	7.969483e-01	1.824428e-01	1.761751e-01	1.851921e-01	9.525681e-02	1.470406e-01	2.035047e-01	4.431680e-01	1.895298e-01	1.736588e-01	8.839971e-02	1.799149e-01	2.113888e-01	5.860371e-01	3.716985e-01	1.476503e-01	9.501839e-02	1.727225e-01	1.860203e-01	2.860178e-01	1.518245e-01	1.124328e-01	0.000000e+00	1.553650e-01	1.591538e-01	3.110495e-01	3.926596e-01	1.641475e-01	1.406682e-01	1.646036e-01	1.177639e-01	3.172158e-01	3.615568e-01	1.878274e-01	3.292621e-01	5.184528e-01	1.628001e-01	2.233377e-01	1.846012e-01	2.740912e-01	3.790302e-01	4.158196e-01	1.901520e-01	2.354499e-01	2.666483e-01	2.255200e-01	2.732518e-01	2.747581e-01	1.494351e-01	2.024347e-01	1.422446e-01	3.049874e-01	2.172856e-01	3.999986e-01	1.979851e-01	1.199666e-01	2.145546e-01	2.540896e-01	2.559052e-01	1.451426e-01	1.833953e-01	1.060216e-01	1.243097e-01	2.594628e-01	1.247422e-01	1.515075e-01	2.062410e-01	1.055154e-01	4.162015e-01	1.367705e-01	2.337077e-01	1.910224e-01	1.193038e-01	4.260199e-01	1.348774e-01	9.828885e-02	1.025854e-01	5.512062e-01	3.137355e-01	8.202933e-02	1.314219e-01	3.018869e-01	2.140196e-01	2.508492e-01	3.814538e-01	1.456364e-01	1.867257e-01	3.743244e-01	2.794306e-01	4.413900e-01	1.261012e-01	1.861792e-01	2.233557e-01
